ZIP_CODE,Positive,Negative,Probable,date
15521,271,0,182,2022-10-18
15522,2062,0,949,2022-10-18
15530,975,0,378,2022-10-18
15531,657,0,311,2022-10-18
15533,196,0,116,2022-10-18
15534,110,0,92,2022-10-18
15535,338,0,127,2022-10-18
15536,61,0,38,2022-10-18
15537,1373,0,599,2022-10-18
15538,105,0,51,2022-10-18
15539,110,0,58,2022-10-18
15541,634,0,252,2022-10-18
15542,242,0,79,2022-10-18
15545,459,0,251,2022-10-18
15546,61,0,27,2022-10-18
15550,249,0,150,2022-10-18
15552,1285,0,316,2022-10-18
15554,319,0,278,2022-10-18
15555,14,0,11,2022-10-18
15558,327,0,76,2022-10-18
15559,312,0,209,2022-10-18
15562,30,0,8,2022-10-18
15563,495,0,267,2022-10-18
15564,22,0,10,2022-10-18
15705,107,0,120,2022-10-18
15711,71,0,21,2022-10-18
15714,1088,0,492,2022-10-18
15716,116,0,52,2022-10-18
15720,29,0,11,2022-10-18
15721,27,0,7,2022-10-18
15722,417,0,188,2022-10-18
15724,372,0,163,2022-10-18
15728,528,0,316,2022-10-18
15729,220,0,100,2022-10-18
15730,11,0,6,2022-10-18
15739,84,0,42,2022-10-18
15742,195,0,63,2022-10-18
15744,15,0,11,2022-10-18
15750,42,0,15,2022-10-18
15753,58,0,31,2022-10-18
15757,252,0,115,2022-10-18
15758,5,0,-1,2022-10-18
15759,427,0,160,2022-10-18
15760,27,0,8,2022-10-18
15762,141,0,81,2022-10-18
15763,-1,0,-1,2022-10-18
15764,14,0,-1,2022-10-18
15765,248,0,96,2022-10-18
15767,2189,0,771,2022-10-18
15770,25,0,10,2022-10-18
15771,135,0,52,2022-10-18
15772,240,0,84,2022-10-18
15773,121,0,45,2022-10-18
15775,-1,0,-1,2022-10-18
15776,11,0,5,2022-10-18
15777,22,0,15,2022-10-18
15778,32,0,13,2022-10-18
15780,32,0,-1,2022-10-18
15784,24,0,6,2022-10-18
15801,3219,0,2064,2022-10-18
15821,22,0,7,2022-10-18
15823,159,0,112,2022-10-18
15824,686,0,505,2022-10-18
15825,1811,0,654,2022-10-18
15827,42,0,25,2022-10-18
15828,47,0,8,2022-10-18
15829,218,0,63,2022-10-18
15832,28,0,11,2022-10-18
15834,578,0,268,2022-10-18
15840,268,0,154,2022-10-18
15845,459,0,271,2022-10-18
15846,456,0,336,2022-10-18
15848,137,0,112,2022-10-18
15849,208,0,118,2022-10-18
15851,918,0,587,2022-10-18
15853,1056,0,563,2022-10-18
15856,115,0,65,2022-10-18
15857,1912,0,1565,2022-10-18
15860,201,0,55,2022-10-18
15861,19,0,5,2022-10-18
15864,337,0,101,2022-10-18
15865,192,0,133,2022-10-18
15866,19,0,25,2022-10-18
15868,232,0,165,2022-10-18
15870,157,0,97,2022-10-18
15901,732,0,252,2022-10-18
15902,2225,0,1001,2022-10-18
15904,3132,0,1668,2022-10-18
15905,3820,0,2211,2022-10-18
15906,1972,0,1049,2022-10-18
15909,1031,0,477,2022-10-18
15920,188,0,69,2022-10-18
15924,170,0,111,2022-10-18
15926,439,0,254,2022-10-18
15927,221,0,116,2022-10-18
15928,333,0,271,2022-10-18
15931,1854,0,897,2022-10-18
15934,44,0,50,2022-10-18
15935,446,0,287,2022-10-18
15936,283,0,179,2022-10-18
15938,509,0,241,2022-10-18
15940,857,0,571,2022-10-18
15942,322,0,224,2022-10-18
15943,677,0,454,2022-10-18
15944,543,0,241,2022-10-18
15945,50,0,21,2022-10-18
15946,1246,0,666,2022-10-18
15949,182,0,58,2022-10-18
15951,145,0,76,2022-10-18
15952,232,0,166,2022-10-18
15953,13,0,7,2022-10-18
15954,430,0,162,2022-10-18
15955,352,0,237,2022-10-18
15956,563,0,326,2022-10-18
15957,62,0,57,2022-10-18
15958,331,0,252,2022-10-18
15960,56,0,56,2022-10-18
15961,184,0,108,2022-10-18
15963,1814,0,1387,2022-10-18
16020,239,0,60,2022-10-18
16022,97,0,26,2022-10-18
16025,1136,0,339,2022-10-18
16028,365,0,65,2022-10-18
16030,61,0,15,2022-10-18
16036,28,0,8,2022-10-18
16038,666,0,143,2022-10-18
16040,152,0,61,2022-10-18
16041,327,0,100,2022-10-18
16049,574,0,133,2022-10-18
16050,289,0,82,2022-10-18
16051,455,0,196,2022-10-18
16057,2527,0,584,2022-10-18
16061,472,0,123,2022-10-18
16101,5957,0,2891,2022-10-18
16102,907,0,453,2022-10-18
16105,2396,0,1360,2022-10-18
16110,68,0,26,2022-10-18
16111,165,0,47,2022-10-18
16112,245,0,122,2022-10-18
16114,80,0,32,2022-10-18
16116,418,0,231,2022-10-18
16121,907,0,193,2022-10-18
16124,239,0,95,2022-10-18
16125,2968,0,873,2022-10-18
16127,3012,0,798,2022-10-18
16130,318,0,83,2022-10-18
16131,154,0,44,2022-10-18
16133,220,0,59,2022-10-18
16134,558,0,180,2022-10-18
16137,2226,0,599,2022-10-18
16142,742,0,363,2022-10-18
16143,422,0,204,2022-10-18
16145,475,0,124,2022-10-18
16146,2659,0,646,2022-10-18
16148,3341,0,1053,2022-10-18
16150,1292,0,439,2022-10-18
16153,411,0,107,2022-10-18
16154,377,0,131,2022-10-18
16156,448,0,194,2022-10-18
16159,820,0,264,2022-10-18
16172,68,0,89,2022-10-18
16213,25,0,5,2022-10-18
16214,1731,0,321,2022-10-18
16217,14,0,-1,2022-10-18
16218,263,0,41,2022-10-18
16224,236,0,43,2022-10-18
16225,7,0,-1,2022-10-18
16232,780,0,137,2022-10-18
16233,190,0,62,2022-10-18
16234,13,0,-1,2022-10-18
16235,239,0,68,2022-10-18
16239,1780,0,100,2022-10-18
16240,243,0,67,2022-10-18
16242,960,0,143,2022-10-18
16248,612,0,116,2022-10-18
16253,21,0,-1,2022-10-18
16254,744,0,217,2022-10-18
16255,514,0,85,2022-10-18
16258,393,0,70,2022-10-18
16260,42,0,7,2022-10-18
16301,3073,0,686,2022-10-18
16311,79,0,17,2022-10-18
16313,282,0,124,2022-10-18
16314,1126,0,348,2022-10-18
16316,1077,0,313,2022-10-18
16317,327,0,67,2022-10-18
16319,224,0,58,2022-10-18
16321,28,0,-1,2022-10-18
16323,3261,0,732,2022-10-18
16326,75,0,15,2022-10-18
16327,522,0,132,2022-10-18
16329,53,0,24,2022-10-18
16331,13,0,6,2022-10-18
16332,17,0,-1,2022-10-18
16333,39,0,9,2022-10-18
16334,90,0,14,2022-10-18
16335,6190,0,1605,2022-10-18
16340,277,0,103,2022-10-18
16341,500,0,55,2022-10-18
16342,604,0,84,2022-10-18
16345,439,0,227,2022-10-18
16346,559,0,103,2022-10-18
16347,367,0,122,2022-10-18
16350,322,0,117,2022-10-18
16351,281,0,80,2022-10-18
16353,482,0,60,2022-10-18
16354,2813,0,249,2022-10-18
16360,267,0,46,2022-10-18
16362,188,0,55,2022-10-18
16364,157,0,48,2022-10-18
16365,3022,0,1367,2022-10-18
16371,521,0,365,2022-10-18
16372,84,0,25,2022-10-18
16373,629,0,119,2022-10-18
16374,266,0,45,2022-10-18
16401,813,0,107,2022-10-18
16402,97,0,18,2022-10-18
16403,1945,0,266,2022-10-18
16404,575,0,62,2022-10-18
16405,98,0,16,2022-10-18
16406,657,0,295,2022-10-18
16407,2071,0,302,2022-10-18
16410,365,0,48,2022-10-18
16411,288,0,37,2022-10-18
16412,2126,0,388,2022-10-18
16415,1877,0,325,2022-10-18
16417,1869,0,434,2022-10-18
16420,118,0,17,2022-10-18
16421,540,0,59,2022-10-18
16423,825,0,135,2022-10-18
16424,822,0,219,2022-10-18
16426,864,0,117,2022-10-18
16428,2590,0,289,2022-10-18
16430,9,0,5,2022-10-18
16433,1141,0,359,2022-10-18
16434,339,0,53,2022-10-18
16435,301,0,84,2022-10-18
16436,121,0,25,2022-10-18
16438,1368,0,204,2022-10-18
16440,133,0,36,2022-10-18
16441,2147,0,347,2022-10-18
16442,524,0,88,2022-10-18
16443,295,0,26,2022-10-18
16444,74,0,35,2022-10-18
16501,397,0,32,2022-10-18
16502,3595,0,519,2022-10-18
16503,3313,0,453,2022-10-18
16504,3540,0,531,2022-10-18
16505,3256,0,464,2022-10-18
16506,5150,0,685,2022-10-18
16507,1975,0,252,2022-10-18
16508,3325,0,590,2022-10-18
16509,5765,0,1300,2022-10-18
16510,5273,0,727,2022-10-18
16511,2617,0,322,2022-10-18
16565,-1,0,-1,2022-10-18
16601,6921,0,1668,2022-10-18
16602,5989,0,1587,2022-10-18
16611,483,0,93,2022-10-18
16613,279,0,88,2022-10-18
16616,25,0,9,2022-10-18
16617,628,0,118,2022-10-18
16620,88,0,19,2022-10-18
16621,144,0,39,2022-10-18
16622,54,0,13,2022-10-18
16623,87,0,33,2022-10-18
16625,596,0,270,2022-10-18
16627,324,0,146,2022-10-18
16630,805,0,376,2022-10-18
16634,62,0,12,2022-10-18
16635,2235,0,598,2022-10-18
16636,160,0,49,2022-10-18
16637,468,0,158,2022-10-18
16639,182,0,55,2022-10-18
16640,169,0,84,2022-10-18
16641,484,0,199,2022-10-18
16645,22,0,5,2022-10-18
16646,540,0,209,2022-10-18
16647,150,0,38,2022-10-18
16648,3496,0,964,2022-10-18
16650,286,0,103,2022-10-18
16651,710,0,134,2022-10-18
16652,4085,0,685,2022-10-18
16655,279,0,163,2022-10-18
16656,230,0,80,2022-10-18
16657,234,0,53,2022-10-18
16659,43,0,19,2022-10-18
16661,182,0,37,2022-10-18
16662,872,0,339,2022-10-18
16664,246,0,86,2022-10-18
16666,697,0,112,2022-10-18
16667,238,0,121,2022-10-18
16668,671,0,255,2022-10-18
16669,444,0,87,2022-10-18
16670,22,0,7,2022-10-18
16671,126,0,17,2022-10-18
16673,839,0,300,2022-10-18
16674,123,0,45,2022-10-18
16678,513,0,141,2022-10-18
16679,159,0,43,2022-10-18
16680,113,0,10,2022-10-18
16682,33,0,16,2022-10-18
16683,56,0,11,2022-10-18
16685,57,0,20,2022-10-18
16686,3148,0,527,2022-10-18
16689,64,0,73,2022-10-18
16691,61,0,38,2022-10-18
16692,114,0,44,2022-10-18
16693,873,0,201,2022-10-18
16695,142,0,62,2022-10-18
16701,2797,0,902,2022-10-18
16720,228,0,41,2022-10-18
16724,21,0,-1,2022-10-18
16726,78,0,30,2022-10-18
16727,47,0,14,2022-10-18
16729,116,0,31,2022-10-18
16731,408,0,91,2022-10-18
16732,41,0,14,2022-10-18
16734,50,0,15,2022-10-18
16735,1076,0,345,2022-10-18
16738,280,0,370,2022-10-18
16740,160,0,52,2022-10-18
16743,817,0,74,2022-10-18
16744,48,0,16,2022-10-18
16745,89,0,27,2022-10-18
16746,256,0,21,2022-10-18
16748,516,0,77,2022-10-18
16749,741,0,229,2022-10-18
16750,60,0,9,2022-10-18
16801,10048,0,1381,2022-10-18
16802,2064,0,313,2022-10-18
16803,4255,0,845,2022-10-18
16820,213,0,29,2022-10-18
16821,98,0,14,2022-10-18
16822,593,0,33,2022-10-18
16823,7244,0,643,2022-10-18
16827,967,0,124,2022-10-18
16828,965,0,95,2022-10-18
16829,205,0,25,2022-10-18
16830,3268,0,741,2022-10-18
16832,103,0,10,2022-10-18
16833,1144,0,319,2022-10-18
16836,242,0,29,2022-10-18
16837,40,0,8,2022-10-18
16838,297,0,150,2022-10-18
16839,134,0,16,2022-10-18
16840,110,0,9,2022-10-18
16841,1264,0,111,2022-10-18
16844,623,0,58,2022-10-18
16845,546,0,32,2022-10-18
16850,19,0,-1,2022-10-18
16852,57,0,6,2022-10-18
16854,207,0,18,2022-10-18
16858,865,0,144,2022-10-18
16859,113,0,6,2022-10-18
16860,69,0,17,2022-10-18
16861,70,0,13,2022-10-18
16863,146,0,29,2022-10-18
16864,22,0,0,2022-10-18
16865,271,0,29,2022-10-18
16866,2478,0,331,2022-10-18
16870,1601,0,208,2022-10-18
16871,9,0,-1,2022-10-18
16872,190,0,17,2022-10-18
16874,320,0,41,2022-10-18
16875,764,0,82,2022-10-18
16876,59,0,8,2022-10-18
16877,333,0,32,2022-10-18
16878,441,0,80,2022-10-18
16879,113,0,8,2022-10-18
16881,456,0,114,2022-10-18
16882,49,0,5,2022-10-18
16901,1865,0,579,2022-10-18
16912,357,0,217,2022-10-18
16914,557,0,57,2022-10-18
16915,1321,0,133,2022-10-18
16917,236,0,83,2022-10-18
16920,335,0,142,2022-10-18
16921,93,0,17,2022-10-18
16922,259,0,47,2022-10-18
16923,216,0,15,2022-10-18
16925,825,0,88,2022-10-18
16926,158,0,24,2022-10-18
16927,77,0,16,2022-10-18
16928,240,0,56,2022-10-18
16929,417,0,115,2022-10-18
16930,177,0,83,2022-10-18
16932,139,0,35,2022-10-18
16933,945,0,345,2022-10-18
16935,199,0,63,2022-10-18
16936,444,0,72,2022-10-18
16937,37,0,5,2022-10-18
16938,108,0,27,2022-10-18
16939,7,0,11,2022-10-18
16940,35,0,7,2022-10-18
16941,13,0,0,2022-10-18
16942,127,0,35,2022-10-18
16943,60,0,11,2022-10-18
16946,506,0,99,2022-10-18
16947,1250,0,203,2022-10-18
16948,234,0,23,2022-10-18
16950,540,0,159,2022-10-18
17002,83,0,-1,2022-10-18
17003,2605,0,410,2022-10-18
17004,887,0,67,2022-10-18
17005,43,0,7,2022-10-18
17006,134,0,32,2022-10-18
17007,989,0,230,2022-10-18
17009,619,0,16,2022-10-18
17011,6378,0,2073,2022-10-18
17013,6855,0,1985,2022-10-18
17014,33,0,-1,2022-10-18
17015,3975,0,986,2022-10-18
17017,264,0,33,2022-10-18
17018,682,0,208,2022-10-18
17019,3218,0,1157,2022-10-18
17020,1551,0,500,2022-10-18
17021,161,0,24,2022-10-18
17022,6911,0,923,2022-10-18
17023,468,0,81,2022-10-18
17024,293,0,92,2022-10-18
17025,3026,0,1059,2022-10-18
17026,795,0,128,2022-10-18
17028,649,0,139,2022-10-18
17029,116,0,-1,2022-10-18
17030,114,0,14,2022-10-18
17032,1330,0,326,2022-10-18
17033,3428,0,673,2022-10-18
17034,554,0,107,2022-10-18
17035,169,0,6,2022-10-18
17036,4198,0,996,2022-10-18
17037,144,0,25,2022-10-18
17038,2010,0,309,2022-10-18
17040,389,0,129,2022-10-18
17042,11225,0,1984,2022-10-18
17043,957,0,380,2022-10-18
17044,6773,0,315,2022-10-18
17045,512,0,118,2022-10-18
17046,9247,0,1187,2022-10-18
17047,444,0,98,2022-10-18
17048,671,0,71,2022-10-18
17049,678,0,57,2022-10-18
17050,6676,0,2463,2022-10-18
17051,1070,0,103,2022-10-18
17052,303,0,100,2022-10-18
17053,792,0,284,2022-10-18
17055,6961,0,2667,2022-10-18
17057,4969,0,858,2022-10-18
17058,508,0,103,2022-10-18
17059,1836,0,121,2022-10-18
17060,203,0,37,2022-10-18
17061,1149,0,216,2022-10-18
17062,594,0,120,2022-10-18
17063,775,0,35,2022-10-18
17064,146,0,18,2022-10-18
17065,779,0,204,2022-10-18
17066,1188,0,273,2022-10-18
17067,3113,0,502,2022-10-18
17068,721,0,284,2022-10-18
17070,2772,0,964,2022-10-18
17071,-1,0,0,2022-10-18
17073,1071,0,208,2022-10-18
17074,1136,0,278,2022-10-18
17076,10,0,-1,2022-10-18
17078,4848,0,857,2022-10-18
17080,42,0,6,2022-10-18
17082,757,0,33,2022-10-18
17084,1053,0,55,2022-10-18
17086,473,0,71,2022-10-18
17087,569,0,97,2022-10-18
17090,830,0,259,2022-10-18
17094,465,0,32,2022-10-18
17097,95,0,-1,2022-10-18
17098,404,0,58,2022-10-18
17099,397,0,9,2022-10-18
17101,505,0,76,2022-10-18
17102,1655,0,280,2022-10-18
17103,2642,0,401,2022-10-18
17104,3975,0,560,2022-10-18
17109,4936,0,1253,2022-10-18
17110,5580,0,1013,2022-10-18
17111,7384,0,1688,2022-10-18
17112,6078,0,2034,2022-10-18
17113,2307,0,415,2022-10-18
17120,-1,0,-1,2022-10-18
17201,7365,0,1652,2022-10-18
17202,7482,0,1767,2022-10-18
17211,47,0,23,2022-10-18
17212,126,0,88,2022-10-18
17213,74,0,37,2022-10-18
17214,295,0,28,2022-10-18
17215,55,0,45,2022-10-18
17217,21,0,-1,2022-10-18
17219,70,0,17,2022-10-18
17220,102,0,15,2022-10-18
17221,147,0,46,2022-10-18
17222,2628,0,575,2022-10-18
17223,64,0,43,2022-10-18
17224,322,0,153,2022-10-18
17225,5275,0,680,2022-10-18
17228,162,0,195,2022-10-18
17229,171,0,208,2022-10-18
17232,21,0,-1,2022-10-18
17233,834,0,961,2022-10-18
17236,1799,0,623,2022-10-18
17237,518,0,64,2022-10-18
17238,298,0,216,2022-10-18
17239,43,0,24,2022-10-18
17240,482,0,126,2022-10-18
17241,1832,0,563,2022-10-18
17243,419,0,159,2022-10-18
17244,459,0,105,2022-10-18
17246,39,0,10,2022-10-18
17252,839,0,198,2022-10-18
17255,180,0,109,2022-10-18
17257,5463,0,1162,2022-10-18
17260,300,0,76,2022-10-18
17262,176,0,50,2022-10-18
17264,442,0,218,2022-10-18
17265,98,0,15,2022-10-18
17266,76,0,21,2022-10-18
17267,565,0,260,2022-10-18
17268,8667,0,935,2022-10-18
17271,85,0,30,2022-10-18
17301,980,0,318,2022-10-18
17302,583,0,91,2022-10-18
17304,758,0,117,2022-10-18
17307,1300,0,191,2022-10-18
17309,425,0,74,2022-10-18
17313,2957,0,490,2022-10-18
17314,994,0,90,2022-10-18
17315,6915,0,1056,2022-10-18
17316,1713,0,478,2022-10-18
17319,2102,0,552,2022-10-18
17320,1987,0,181,2022-10-18
17321,415,0,46,2022-10-18
17322,1435,0,250,2022-10-18
17324,837,0,217,2022-10-18
17325,6683,0,791,2022-10-18
17327,1693,0,242,2022-10-18
17329,507,0,163,2022-10-18
17331,11893,0,3546,2022-10-18
17339,1177,0,371,2022-10-18
17340,2647,0,461,2022-10-18
17344,893,0,207,2022-10-18
17345,2168,0,415,2022-10-18
17347,1685,0,330,2022-10-18
17349,1844,0,259,2022-10-18
17350,3143,0,883,2022-10-18
17352,275,0,37,2022-10-18
17353,781,0,98,2022-10-18
17356,6414,0,986,2022-10-18
17360,1578,0,258,2022-10-18
17361,1517,0,211,2022-10-18
17362,2932,0,927,2022-10-18
17363,2315,0,259,2022-10-18
17364,881,0,193,2022-10-18
17365,528,0,105,2022-10-18
17366,1485,0,283,2022-10-18
17368,1800,0,367,2022-10-18
17370,1426,0,329,2022-10-18
17372,840,0,215,2022-10-18
17401,5992,0,522,2022-10-18
17402,10845,0,2612,2022-10-18
17403,11750,0,1648,2022-10-18
17404,10635,0,1823,2022-10-18
17406,5702,0,1263,2022-10-18
17407,614,0,84,2022-10-18
17408,6137,0,1147,2022-10-18
17501,1179,0,167,2022-10-18
17502,610,0,48,2022-10-18
17505,164,0,29,2022-10-18
17509,631,0,150,2022-10-18
17512,4272,0,774,2022-10-18
17516,828,0,195,2022-10-18
17517,3457,0,632,2022-10-18
17518,122,0,21,2022-10-18
17519,1124,0,155,2022-10-18
17520,1125,0,151,2022-10-18
17522,7838,0,1187,2022-10-18
17527,969,0,141,2022-10-18
17529,403,0,68,2022-10-18
17532,547,0,88,2022-10-18
17535,346,0,44,2022-10-18
17536,368,0,45,2022-10-18
17538,1455,0,240,2022-10-18
17540,2156,0,333,2022-10-18
17543,9718,0,1428,2022-10-18
17545,4622,0,585,2022-10-18
17547,2095,0,211,2022-10-18
17550,266,0,17,2022-10-18
17551,1800,0,453,2022-10-18
17552,4698,0,505,2022-10-18
17554,1861,0,359,2022-10-18
17555,838,0,179,2022-10-18
17557,2661,0,392,2022-10-18
17560,917,0,108,2022-10-18
17562,620,0,66,2022-10-18
17563,636,0,48,2022-10-18
17565,398,0,103,2022-10-18
17566,2199,0,300,2022-10-18
17569,1270,0,289,2022-10-18
17572,437,0,70,2022-10-18
17576,36,0,11,2022-10-18
17578,1336,0,236,2022-10-18
17579,1137,0,189,2022-10-18
17581,237,0,45,2022-10-18
17582,402,0,93,2022-10-18
17584,2020,0,536,2022-10-18
17601,11643,0,2512,2022-10-18
17602,13677,0,2517,2022-10-18
17603,16223,0,2950,2022-10-18
17701,9670,0,2482,2022-10-18
17702,2223,0,451,2022-10-18
17721,321,0,22,2022-10-18
17723,8,0,0,2022-10-18
17724,962,0,149,2022-10-18
17727,10,0,-1,2022-10-18
17728,978,0,196,2022-10-18
17729,19,0,8,2022-10-18
17731,28,0,-1,2022-10-18
17737,1646,0,195,2022-10-18
17740,3443,0,337,2022-10-18
17742,18,0,-1,2022-10-18
17744,620,0,106,2022-10-18
17745,4725,0,319,2022-10-18
17747,547,0,35,2022-10-18
17751,1881,0,100,2022-10-18
17752,1063,0,175,2022-10-18
17754,2740,0,672,2022-10-18
17756,3444,0,306,2022-10-18
17758,180,0,24,2022-10-18
17760,72,0,70,2022-10-18
17763,31,0,5,2022-10-18
17764,304,0,310,2022-10-18
17765,191,0,43,2022-10-18
17768,57,0,10,2022-10-18
17771,521,0,125,2022-10-18
17772,444,0,54,2022-10-18
17774,245,0,21,2022-10-18
17776,50,0,-1,2022-10-18
17777,1478,0,216,2022-10-18
17778,8,0,-1,2022-10-18
17801,4555,0,553,2022-10-18
17810,356,0,95,2022-10-18
17812,342,0,47,2022-10-18
17813,494,0,85,2022-10-18
17814,923,0,133,2022-10-18
17815,6798,0,680,2022-10-18
17820,1386,0,58,2022-10-18
17821,4896,0,417,2022-10-18
17823,229,0,14,2022-10-18
17824,1020,0,50,2022-10-18
17827,183,0,25,2022-10-18
17830,414,0,40,2022-10-18
17832,155,0,6,2022-10-18
17834,1065,0,62,2022-10-18
17835,10,0,5,2022-10-18
17836,28,0,6,2022-10-18
17837,3806,0,476,2022-10-18
17840,79,0,-1,2022-10-18
17841,1068,0,60,2022-10-18
17842,1822,0,304,2022-10-18
17844,1812,0,326,2022-10-18
17845,491,0,75,2022-10-18
17846,1009,0,51,2022-10-18
17847,2802,0,355,2022-10-18
17850,126,0,19,2022-10-18
17851,2272,0,139,2022-10-18
17853,503,0,88,2022-10-18
17855,185,0,52,2022-10-18
17856,760,0,133,2022-10-18
17857,2018,0,342,2022-10-18
17859,800,0,67,2022-10-18
17860,575,0,78,2022-10-18
17864,305,0,38,2022-10-18
17866,2822,0,157,2022-10-18
17867,28,0,0,2022-10-18
17868,123,0,-1,2022-10-18
17870,3071,0,653,2022-10-18
17872,2587,0,164,2022-10-18
17876,389,0,62,2022-10-18
17877,-1,0,0,2022-10-18
17878,329,0,81,2022-10-18
17881,384,0,37,2022-10-18
17886,210,0,34,2022-10-18
17888,71,0,6,2022-10-18
17889,510,0,108,2022-10-18
17901,5914,0,837,2022-10-18
17921,1482,0,166,2022-10-18
17922,1120,0,189,2022-10-18
17923,67,0,7,2022-10-18
17925,97,0,16,2022-10-18
17929,501,0,70,2022-10-18
17930,98,0,20,2022-10-18
17931,1651,0,276,2022-10-18
17934,64,0,9,2022-10-18
17935,353,0,60,2022-10-18
17938,491,0,86,2022-10-18
17941,166,0,16,2022-10-18
17948,1013,0,138,2022-10-18
17954,1190,0,157,2022-10-18
17957,65,0,12,2022-10-18
17959,306,0,41,2022-10-18
17960,966,0,73,2022-10-18
17961,1623,0,321,2022-10-18
17963,1690,0,356,2022-10-18
17964,122,0,36,2022-10-18
17965,521,0,79,2022-10-18
17967,474,0,86,2022-10-18
17968,66,0,7,2022-10-18
17970,677,0,128,2022-10-18
17972,2980,0,377,2022-10-18
17974,60,0,14,2022-10-18
17976,1559,0,179,2022-10-18
17978,28,0,11,2022-10-18
17980,687,0,107,2022-10-18
17981,678,0,202,2022-10-18
17983,294,0,47,2022-10-18
17985,289,0,31,2022-10-18
18011,1342,0,148,2022-10-18
18013,4264,0,242,2022-10-18
18014,2669,0,238,2022-10-18
18015,9370,0,780,2022-10-18
18017,9850,0,1103,2022-10-18
18018,7751,0,967,2022-10-18
18020,5192,0,539,2022-10-18
18031,2821,0,187,2022-10-18
18032,2577,0,243,2022-10-18
18034,1933,0,204,2022-10-18
18035,61,0,-1,2022-10-18
18036,3147,0,263,2022-10-18
18037,1943,0,168,2022-10-18
18038,730,0,47,2022-10-18
18040,4031,0,457,2022-10-18
18041,1214,0,126,2022-10-18
18042,11467,0,1728,2022-10-18
18045,7353,0,890,2022-10-18
18049,4297,0,430,2022-10-18
18051,758,0,54,2022-10-18
18052,8498,0,695,2022-10-18
18053,581,0,58,2022-10-18
18054,847,0,103,2022-10-18
18055,2689,0,230,2022-10-18
18056,202,0,20,2022-10-18
18058,2389,0,152,2022-10-18
18059,258,0,14,2022-10-18
18062,5923,0,563,2022-10-18
18063,94,0,-1,2022-10-18
18064,6852,0,640,2022-10-18
18066,1379,0,83,2022-10-18
18067,4951,0,521,2022-10-18
18069,1838,0,142,2022-10-18
18070,201,0,16,2022-10-18
18071,3143,0,183,2022-10-18
18072,1626,0,87,2022-10-18
18073,2303,0,424,2022-10-18
18074,936,0,203,2022-10-18
18076,608,0,56,2022-10-18
18077,381,0,44,2022-10-18
18078,1499,0,120,2022-10-18
18080,2993,0,204,2022-10-18
18083,163,0,9,2022-10-18
18085,171,0,21,2022-10-18
18087,249,0,20,2022-10-18
18088,2312,0,137,2022-10-18
18091,1423,0,76,2022-10-18
18092,645,0,58,2022-10-18
18101,1394,0,93,2022-10-18
18102,16927,0,824,2022-10-18
18103,13737,0,1086,2022-10-18
18104,11568,0,1337,2022-10-18
18106,1791,0,204,2022-10-18
18109,6300,0,475,2022-10-18
18201,9080,0,602,2022-10-18
18202,3708,0,363,2022-10-18
18210,1974,0,109,2022-10-18
18211,313,0,20,2022-10-18
18214,473,0,86,2022-10-18
18216,337,0,26,2022-10-18
18218,630,0,49,2022-10-18
18219,285,0,26,2022-10-18
18220,45,0,10,2022-10-18
18222,2120,0,333,2022-10-18
18224,1483,0,208,2022-10-18
18225,36,0,-1,2022-10-18
18229,1818,0,121,2022-10-18
18230,21,0,-1,2022-10-18
18232,1114,0,80,2022-10-18
18235,5207,0,371,2022-10-18
18237,843,0,76,2022-10-18
18240,902,0,77,2022-10-18
18245,40,0,-1,2022-10-18
18246,33,0,-1,2022-10-18
18248,131,0,13,2022-10-18
18249,861,0,95,2022-10-18
18250,820,0,66,2022-10-18
18252,2905,0,227,2022-10-18
18254,194,0,8,2022-10-18
18255,1267,0,110,2022-10-18
18301,7548,0,286,2022-10-18
18302,4502,0,190,2022-10-18
18321,454,0,10,2022-10-18
18322,693,0,38,2022-10-18
18324,2188,0,131,2022-10-18
18325,476,0,24,2022-10-18
18326,1029,0,38,2022-10-18
18327,167,0,5,2022-10-18
18328,1444,0,186,2022-10-18
18330,2413,0,95,2022-10-18
18331,173,0,11,2022-10-18
18332,749,0,24,2022-10-18
18333,168,0,9,2022-10-18
18334,1048,0,39,2022-10-18
18336,702,0,146,2022-10-18
18337,2923,0,459,2022-10-18
18340,21,0,5,2022-10-18
18343,825,0,43,2022-10-18
18344,954,0,44,2022-10-18
18346,817,0,35,2022-10-18
18347,534,0,29,2022-10-18
18350,278,0,12,2022-10-18
18352,68,0,-1,2022-10-18
18353,2893,0,167,2022-10-18
18354,253,0,12,2022-10-18
18355,273,0,13,2022-10-18
18360,7586,0,280,2022-10-18
18370,238,0,6,2022-10-18
18371,210,0,8,2022-10-18
18372,607,0,21,2022-10-18
18403,1365,0,396,2022-10-18
18405,459,0,85,2022-10-18
18407,2947,0,806,2022-10-18
18411,3853,0,998,2022-10-18
18414,865,0,176,2022-10-18
18415,159,0,53,2022-10-18
18417,161,0,30,2022-10-18
18419,826,0,174,2022-10-18
18421,904,0,241,2022-10-18
18424,931,0,215,2022-10-18
18425,237,0,45,2022-10-18
18426,626,0,178,2022-10-18
18427,47,0,24,2022-10-18
18428,1990,0,483,2022-10-18
18430,11,0,-1,2022-10-18
18431,2265,0,567,2022-10-18
18433,1124,0,306,2022-10-18
18434,679,0,250,2022-10-18
18435,142,0,47,2022-10-18
18436,2216,0,675,2022-10-18
18437,34,0,9,2022-10-18
18438,153,0,39,2022-10-18
18439,84,0,18,2022-10-18
18441,46,0,6,2022-10-18
18443,73,0,14,2022-10-18
18444,2155,0,644,2022-10-18
18445,350,0,75,2022-10-18
18446,777,0,116,2022-10-18
18447,1709,0,544,2022-10-18
18451,50,0,17,2022-10-18
18452,1046,0,382,2022-10-18
18453,142,0,36,2022-10-18
18455,5,0,6,2022-10-18
18456,67,0,22,2022-10-18
18458,517,0,88,2022-10-18
18460,29,0,-1,2022-10-18
18461,30,0,15,2022-10-18
18462,75,0,14,2022-10-18
18463,34,0,13,2022-10-18
18464,220,0,51,2022-10-18
18465,266,0,23,2022-10-18
18466,4550,0,144,2022-10-18
18469,63,0,20,2022-10-18
18470,286,0,66,2022-10-18
18471,88,0,27,2022-10-18
18472,1968,0,258,2022-10-18
18503,336,0,93,2022-10-18
18504,4378,0,1019,2022-10-18
18505,4449,0,1055,2022-10-18
18507,1042,0,205,2022-10-18
18508,2426,0,608,2022-10-18
18509,2468,0,754,2022-10-18
18510,3159,0,595,2022-10-18
18512,2015,0,752,2022-10-18
18517,1168,0,253,2022-10-18
18518,1727,0,319,2022-10-18
18519,992,0,268,2022-10-18
18603,5023,0,511,2022-10-18
18610,1244,0,65,2022-10-18
18612,4600,0,425,2022-10-18
18614,416,0,63,2022-10-18
18615,323,0,50,2022-10-18
18616,200,0,27,2022-10-18
18617,386,0,49,2022-10-18
18618,772,0,58,2022-10-18
18619,30,0,-1,2022-10-18
18621,875,0,138,2022-10-18
18622,48,0,13,2022-10-18
18623,574,0,110,2022-10-18
18624,100,0,8,2022-10-18
18628,44,0,5,2022-10-18
18629,286,0,45,2022-10-18
18630,581,0,90,2022-10-18
18631,218,0,34,2022-10-18
18632,69,0,6,2022-10-18
18634,3230,0,418,2022-10-18
18635,1009,0,88,2022-10-18
18636,279,0,50,2022-10-18
18640,4076,0,476,2022-10-18
18641,1419,0,172,2022-10-18
18642,990,0,108,2022-10-18
18643,2903,0,326,2022-10-18
18644,1585,0,223,2022-10-18
18651,2079,0,336,2022-10-18
18655,1149,0,210,2022-10-18
18656,472,0,49,2022-10-18
18657,2194,0,379,2022-10-18
18660,765,0,84,2022-10-18
18661,1122,0,121,2022-10-18
18701,413,0,62,2022-10-18
18702,10427,0,1209,2022-10-18
18704,7116,0,1028,2022-10-18
18705,3468,0,418,2022-10-18
18706,3696,0,566,2022-10-18
18707,3701,0,346,2022-10-18
18708,1814,0,198,2022-10-18
18709,608,0,83,2022-10-18
18801,1844,0,152,2022-10-18
18810,2417,0,102,2022-10-18
18812,217,0,19,2022-10-18
18817,42,0,-1,2022-10-18
18818,197,0,34,2022-10-18
18821,250,0,16,2022-10-18
18822,731,0,48,2022-10-18
18823,48,0,-1,2022-10-18
18824,240,0,24,2022-10-18
18825,43,0,-1,2022-10-18
18826,365,0,40,2022-10-18
18828,58,0,-1,2022-10-18
18829,187,0,26,2022-10-18
18830,116,0,15,2022-10-18
18831,351,0,16,2022-10-18
18832,392,0,56,2022-10-18
18833,419,0,52,2022-10-18
18834,716,0,51,2022-10-18
18837,777,0,66,2022-10-18
18840,3876,0,146,2022-10-18
18842,53,0,5,2022-10-18
18844,324,0,36,2022-10-18
18845,64,0,10,2022-10-18
18846,166,0,17,2022-10-18
18847,1367,0,66,2022-10-18
18848,2177,0,353,2022-10-18
18850,709,0,54,2022-10-18
18851,166,0,12,2022-10-18
18853,967,0,130,2022-10-18
18854,337,0,36,2022-10-18
18901,4811,0,1148,2022-10-18
18902,3388,0,549,2022-10-18
18913,34,0,10,2022-10-18
18914,3471,0,869,2022-10-18
18915,290,0,68,2022-10-18
18917,488,0,73,2022-10-18
18920,76,0,8,2022-10-18
18923,207,0,26,2022-10-18
18925,1011,0,172,2022-10-18
18927,38,0,9,2022-10-18
18929,1592,0,256,2022-10-18
18930,395,0,48,2022-10-18
18932,108,0,21,2022-10-18
18933,15,0,-1,2022-10-18
18934,23,0,-1,2022-10-18
18936,196,0,90,2022-10-18
18938,1859,0,275,2022-10-18
18940,5236,0,990,2022-10-18
18942,544,0,72,2022-10-18
18944,4839,0,743,2022-10-18
18947,980,0,127,2022-10-18
18951,8113,0,891,2022-10-18
18954,1745,0,409,2022-10-18
18955,459,0,147,2022-10-18
18960,2567,0,415,2022-10-18
18964,2800,0,573,2022-10-18
18966,6836,0,1593,2022-10-18
18969,3109,0,582,2022-10-18
18972,390,0,33,2022-10-18
18974,7509,0,1438,2022-10-18
18976,3729,0,524,2022-10-18
18977,563,0,118,2022-10-18
19001,3324,0,662,2022-10-18
19002,5092,0,1044,2022-10-18
19003,2246,0,302,2022-10-18
19004,2305,0,251,2022-10-18
19006,4507,0,857,2022-10-18
19007,4295,0,989,2022-10-18
19008,4212,0,763,2022-10-18
19009,132,0,87,2022-10-18
19010,3273,0,670,2022-10-18
19012,1173,0,182,2022-10-18
19013,7847,0,839,2022-10-18
19014,4360,0,643,2022-10-18
19015,3212,0,737,2022-10-18
19018,4529,0,912,2022-10-18
19020,11706,0,1766,2022-10-18
19021,2017,0,345,2022-10-18
19022,822,0,137,2022-10-18
19023,4754,0,539,2022-10-18
19025,1028,0,117,2022-10-18
19026,6078,0,1082,2022-10-18
19027,3250,0,506,2022-10-18
19029,839,0,136,2022-10-18
19030,2567,0,632,2022-10-18
19031,969,0,192,2022-10-18
19032,1473,0,203,2022-10-18
19033,1588,0,310,2022-10-18
19034,1097,0,188,2022-10-18
19035,699,0,86,2022-10-18
19036,2697,0,475,2022-10-18
19038,5342,0,1042,2022-10-18
19040,3748,0,684,2022-10-18
19041,900,0,127,2022-10-18
19043,569,0,132,2022-10-18
19044,2620,0,496,2022-10-18
19046,3174,0,620,2022-10-18
19047,6668,0,1767,2022-10-18
19050,6076,0,692,2022-10-18
19053,5231,0,1469,2022-10-18
19054,3537,0,970,2022-10-18
19055,2821,0,804,2022-10-18
19056,3283,0,802,2022-10-18
19057,3511,0,889,2022-10-18
19060,2354,0,294,2022-10-18
19061,4678,0,509,2022-10-18
19063,6962,0,1294,2022-10-18
19064,4848,0,1101,2022-10-18
19066,1117,0,130,2022-10-18
19067,8768,0,2107,2022-10-18
19070,1399,0,316,2022-10-18
19072,1389,0,219,2022-10-18
19073,3822,0,685,2022-10-18
19074,1200,0,242,2022-10-18
19075,1156,0,231,2022-10-18
19076,1458,0,300,2022-10-18
19078,2242,0,413,2022-10-18
19079,2028,0,219,2022-10-18
19081,1471,0,636,2022-10-18
19082,7861,0,737,2022-10-18
19083,6394,0,992,2022-10-18
19085,1175,0,192,2022-10-18
19086,2227,0,469,2022-10-18
19087,4526,0,1347,2022-10-18
19090,4100,0,648,2022-10-18
19094,1042,0,157,2022-10-18
19095,1411,0,370,2022-10-18
19096,2166,0,250,2022-10-18
19102,1128,0,180,2022-10-18
19103,4739,0,477,2022-10-18
19104,14201,0,702,2022-10-18
19106,2348,0,340,2022-10-18
19107,3009,0,229,2022-10-18
19111,13620,0,1760,2022-10-18
19112,21,0,-1,2022-10-18
19113,9,0,0,2022-10-18
19114,6681,0,854,2022-10-18
19115,8047,0,1212,2022-10-18
19116,7819,0,1303,2022-10-18
19118,1460,0,226,2022-10-18
19119,4789,0,649,2022-10-18
19120,13265,0,1470,2022-10-18
19121,7572,0,643,2022-10-18
19122,5566,0,437,2022-10-18
19123,3731,0,403,2022-10-18
19124,14905,0,1671,2022-10-18
19125,4869,0,517,2022-10-18
19126,3570,0,537,2022-10-18
19127,1109,0,229,2022-10-18
19128,6310,0,1310,2022-10-18
19129,1921,0,294,2022-10-18
19130,4837,0,719,2022-10-18
19131,8789,0,1201,2022-10-18
19132,6601,0,550,2022-10-18
19133,5757,0,452,2022-10-18
19134,11861,0,1142,2022-10-18
19135,7146,0,933,2022-10-18
19136,11160,0,1224,2022-10-18
19137,1605,0,217,2022-10-18
19138,6324,0,846,2022-10-18
19139,9877,0,782,2022-10-18
19140,10993,0,871,2022-10-18
19141,5975,0,671,2022-10-18
19142,6150,0,504,2022-10-18
19143,13618,0,1148,2022-10-18
19144,8439,0,989,2022-10-18
19145,10644,0,843,2022-10-18
19146,8341,0,801,2022-10-18
19147,6694,0,689,2022-10-18
19148,10756,0,915,2022-10-18
19149,10439,0,1370,2022-10-18
19150,4767,0,610,2022-10-18
19151,6658,0,789,2022-10-18
19152,8163,0,866,2022-10-18
19153,2584,0,216,2022-10-18
19154,7528,0,1165,2022-10-18
19301,1045,0,303,2022-10-18
19310,524,0,74,2022-10-18
19311,1672,0,364,2022-10-18
19312,1608,0,519,2022-10-18
19317,1727,0,259,2022-10-18
19319,47,0,11,2022-10-18
19320,10168,0,2594,2022-10-18
19330,1034,0,192,2022-10-18
19333,1014,0,363,2022-10-18
19335,8242,0,2845,2022-10-18
19341,2924,0,1033,2022-10-18
19342,3580,0,531,2022-10-18
19343,1197,0,500,2022-10-18
19344,2060,0,619,2022-10-18
19345,8,0,-1,2022-10-18
19348,3952,0,944,2022-10-18
19350,1844,0,323,2022-10-18
19352,1675,0,304,2022-10-18
19355,4549,0,1200,2022-10-18
19362,969,0,155,2022-10-18
19363,3374,0,577,2022-10-18
19365,1342,0,309,2022-10-18
19372,446,0,140,2022-10-18
19373,628,0,80,2022-10-18
19374,193,0,41,2022-10-18
19380,8032,0,1808,2022-10-18
19382,9208,0,1698,2022-10-18
19383,174,0,487,2022-10-18
19390,2698,0,620,2022-10-18
19401,7705,0,2133,2022-10-18
19403,7808,0,2144,2022-10-18
19405,923,0,289,2022-10-18
19406,4440,0,1293,2022-10-18
19422,2937,0,733,2022-10-18
19425,2340,0,826,2022-10-18
19426,6718,0,2176,2022-10-18
19428,3204,0,973,2022-10-18
19435,41,0,24,2022-10-18
19436,31,0,57,2022-10-18
19438,4257,0,587,2022-10-18
19440,3568,0,599,2022-10-18
19444,1856,0,448,2022-10-18
19446,10655,0,2272,2022-10-18
19453,164,0,63,2022-10-18
19454,4384,0,1129,2022-10-18
19456,55,0,21,2022-10-18
19460,6620,0,1746,2022-10-18
19462,2843,0,939,2022-10-18
19464,9435,0,3564,2022-10-18
19465,2840,0,1255,2022-10-18
19468,5286,0,1612,2022-10-18
19473,2764,0,634,2022-10-18
19475,2001,0,743,2022-10-18
19477,92,0,14,2022-10-18
19492,178,0,77,2022-10-18
19501,228,0,46,2022-10-18
19503,254,0,77,2022-10-18
19504,934,0,256,2022-10-18
19505,571,0,208,2022-10-18
19506,1414,0,368,2022-10-18
19507,633,0,95,2022-10-18
19508,2729,0,1248,2022-10-18
19510,1686,0,454,2022-10-18
19512,2920,0,1107,2022-10-18
19518,3008,0,1163,2022-10-18
19520,750,0,234,2022-10-18
19522,2745,0,621,2022-10-18
19525,3087,0,1000,2022-10-18
19526,2941,0,631,2022-10-18
19529,675,0,32,2022-10-18
19530,2819,0,227,2022-10-18
19533,1709,0,560,2022-10-18
19534,473,0,49,2022-10-18
19539,927,0,88,2022-10-18
19540,1989,0,786,2022-10-18
19541,925,0,300,2022-10-18
19543,984,0,283,2022-10-18
19547,737,0,264,2022-10-18
19549,76,0,10,2022-10-18
19550,139,0,15,2022-10-18
19551,936,0,361,2022-10-18
19555,809,0,186,2022-10-18
19560,2108,0,658,2022-10-18
19562,580,0,50,2022-10-18
19565,1851,0,792,2022-10-18
19567,1143,0,319,2022-10-18
19601,9292,0,1971,2022-10-18
19602,5196,0,993,2022-10-18
19604,6785,0,1623,2022-10-18
19605,4989,0,1561,2022-10-18
19606,7114,0,2898,2022-10-18
19607,4677,0,1901,2022-10-18
19608,4654,0,2128,2022-10-18
19609,2084,0,969,2022-10-18
19610,2715,0,1246,2022-10-18
19611,2844,0,820,2022-10-18
15001,6556,0,1629,2022-10-18
15003,2445,0,507,2022-10-18
15004,45,0,20,2022-10-18
15005,1930,0,459,2022-10-18
15007,64,0,15,2022-10-18
15009,4009,0,773,2022-10-18
15010,6202,0,1372,2022-10-18
15012,2711,0,1728,2022-10-18
15014,759,0,194,2022-10-18
15015,232,0,58,2022-10-18
15017,3655,0,1535,2022-10-18
15018,152,0,65,2022-10-18
15019,255,0,92,2022-10-18
15021,1020,0,547,2022-10-18
15022,1843,0,991,2022-10-18
15024,1727,0,564,2022-10-18
15025,3872,0,1062,2022-10-18
15026,762,0,266,2022-10-18
15027,444,0,123,2022-10-18
15030,230,0,57,2022-10-18
15031,110,0,56,2022-10-18
15032,22,0,6,2022-10-18
15033,808,0,422,2022-10-18
15034,344,0,91,2022-10-18
15035,429,0,105,2022-10-18
15037,2262,0,734,2022-10-18
15042,1509,0,392,2022-10-18
15043,370,0,156,2022-10-18
15044,5031,0,1827,2022-10-18
15045,1023,0,210,2022-10-18
15046,465,0,208,2022-10-18
15049,199,0,42,2022-10-18
15050,456,0,139,2022-10-18
15051,68,0,21,2022-10-18
15052,748,0,182,2022-10-18
15053,45,0,18,2022-10-18
15054,65,0,37,2022-10-18
15055,289,0,95,2022-10-18
15056,176,0,51,2022-10-18
15057,3490,0,1386,2022-10-18
15059,786,0,184,2022-10-18
15060,170,0,66,2022-10-18
15061,2787,0,681,2022-10-18
15062,1304,0,621,2022-10-18
15063,2344,0,934,2022-10-18
15064,84,0,42,2022-10-18
15065,2298,0,583,2022-10-18
15066,2506,0,717,2022-10-18
15067,400,0,166,2022-10-18
15068,7182,0,2029,2022-10-18
15071,2286,0,855,2022-10-18
15074,1942,0,430,2022-10-18
15076,151,0,66,2022-10-18
15077,32,0,6,2022-10-18
15078,67,0,45,2022-10-18
15082,86,0,26,2022-10-18
15083,169,0,75,2022-10-18
15084,1827,0,582,2022-10-18
15085,1449,0,607,2022-10-18
15086,136,0,29,2022-10-18
15089,999,0,554,2022-10-18
15090,4826,0,1165,2022-10-18
15101,4270,0,1426,2022-10-18
15102,5822,0,2038,2022-10-18
15104,1655,0,244,2022-10-18
15106,3835,0,1234,2022-10-18
15108,8235,0,3294,2022-10-18
15110,1194,0,152,2022-10-18
15112,687,0,127,2022-10-18
15116,2589,0,744,2022-10-18
15120,4158,0,656,2022-10-18
15122,4508,0,1082,2022-10-18
15126,1363,0,488,2022-10-18
15129,2124,0,789,2022-10-18
15131,1790,0,462,2022-10-18
15132,5019,0,812,2022-10-18
15133,1594,0,332,2022-10-18
15135,1207,0,308,2022-10-18
15136,4714,0,1287,2022-10-18
15137,2002,0,559,2022-10-18
15139,1435,0,338,2022-10-18
15140,581,0,197,2022-10-18
15142,388,0,135,2022-10-18
15143,3756,0,970,2022-10-18
15144,767,0,199,2022-10-18
15145,1442,0,433,2022-10-18
15146,6056,0,1985,2022-10-18
15147,3163,0,779,2022-10-18
15148,491,0,162,2022-10-18
15201,2815,0,524,2022-10-18
15202,3943,0,1008,2022-10-18
15203,2407,0,459,2022-10-18
15204,1778,0,340,2022-10-18
15205,5321,0,1341,2022-10-18
15206,6392,0,918,2022-10-18
15207,2474,0,348,2022-10-18
15208,1974,0,208,2022-10-18
15209,2407,0,614,2022-10-18
15210,5176,0,1119,2022-10-18
15211,2351,0,550,2022-10-18
15212,5945,0,947,2022-10-18
15213,4356,0,467,2022-10-18
15214,2823,0,587,2022-10-18
15215,2060,0,559,2022-10-18
15216,4564,0,1247,2022-10-18
15217,5994,0,573,2022-10-18
15218,2726,0,407,2022-10-18
15219,3630,0,1231,2022-10-18
15220,3834,0,1192,2022-10-18
15221,6029,0,987,2022-10-18
15222,1142,0,236,2022-10-18
15223,1364,0,397,2022-10-18
15224,2142,0,325,2022-10-18
15225,171,0,50,2022-10-18
15226,2859,0,841,2022-10-18
15227,6236,0,1897,2022-10-18
15228,3352,0,1040,2022-10-18
15229,2685,0,736,2022-10-18
15231,5,0,-1,2022-10-18
15232,2416,0,366,2022-10-18
15233,652,0,91,2022-10-18
15234,2860,0,1021,2022-10-18
15235,6770,0,1977,2022-10-18
15236,6690,0,2268,2022-10-18
15237,8321,0,2376,2022-10-18
15238,2063,0,537,2022-10-18
15239,3889,0,1507,2022-10-18
15241,4315,0,1449,2022-10-18
15243,2827,0,904,2022-10-18
15260,25,0,0,2022-10-18
15261,45,0,0,2022-10-18
15275,22,0,-1,2022-10-18
15301,9601,0,4246,2022-10-18
15310,39,0,29,2022-10-18
15311,221,0,130,2022-10-18
15312,552,0,286,2022-10-18
15313,70,0,39,2022-10-18
15314,603,0,416,2022-10-18
15317,9963,0,3521,2022-10-18
15320,873,0,691,2022-10-18
15321,332,0,167,2022-10-18
15322,307,0,250,2022-10-18
15323,651,0,417,2022-10-18
15324,119,0,77,2022-10-18
15327,244,0,100,2022-10-18
15329,224,0,164,2022-10-18
15330,1008,0,447,2022-10-18
15331,162,0,110,2022-10-18
15332,1433,0,612,2022-10-18
15333,319,0,242,2022-10-18
15334,21,0,14,2022-10-18
15337,89,0,56,2022-10-18
15338,314,0,137,2022-10-18
15340,235,0,123,2022-10-18
15341,149,0,64,2022-10-18
15342,1099,0,395,2022-10-18
15344,264,0,227,2022-10-18
15345,226,0,161,2022-10-18
15346,92,0,109,2022-10-18
15347,156,0,67,2022-10-18
15349,265,0,117,2022-10-18
15352,126,0,60,2022-10-18
15353,7,0,7,2022-10-18
15357,240,0,261,2022-10-18
15359,44,0,19,2022-10-18
15360,314,0,190,2022-10-18
15361,22,0,19,2022-10-18
15362,110,0,64,2022-10-18
15363,198,0,56,2022-10-18
15364,102,0,68,2022-10-18
15367,1936,0,817,2022-10-18
15370,2661,0,1112,2022-10-18
15376,292,0,195,2022-10-18
15377,89,0,75,2022-10-18
15380,81,0,42,2022-10-18
15401,6168,0,3008,2022-10-18
15410,141,0,52,2022-10-18
15411,98,0,27,2022-10-18
15412,49,0,39,2022-10-18
15413,108,0,61,2022-10-18
15417,1250,0,768,2022-10-18
15419,409,0,315,2022-10-18
15423,279,0,172,2022-10-18
15424,342,0,149,2022-10-18
15425,2738,0,2218,2022-10-18
15427,154,0,105,2022-10-18
15428,251,0,220,2022-10-18
15429,39,0,33,2022-10-18
15431,732,0,566,2022-10-18
15432,55,0,48,2022-10-18
15433,101,0,87,2022-10-18
15434,53,0,19,2022-10-18
15436,573,0,302,2022-10-18
15437,349,0,192,2022-10-18
15438,361,0,230,2022-10-18
15440,69,0,35,2022-10-18
15442,344,0,221,2022-10-18
15444,76,0,36,2022-10-18
15445,513,0,264,2022-10-18
15446,43,0,72,2022-10-18
15450,365,0,54,2022-10-18
15451,142,0,50,2022-10-18
15456,445,0,301,2022-10-18
15458,390,0,197,2022-10-18
15459,295,0,163,2022-10-18
15461,800,0,383,2022-10-18
15462,38,0,39,2022-10-18
15463,72,0,31,2022-10-18
15464,165,0,158,2022-10-18
15468,386,0,230,2022-10-18
15469,281,0,252,2022-10-18
15470,84,0,64,2022-10-18
15473,729,0,360,2022-10-18
15474,334,0,117,2022-10-18
15475,189,0,94,2022-10-18
15477,116,0,96,2022-10-18
15478,1139,0,594,2022-10-18
15479,317,0,205,2022-10-18
15480,344,0,185,2022-10-18
15482,85,0,85,2022-10-18
15483,79,0,45,2022-10-18
15484,55,0,26,2022-10-18
15486,343,0,244,2022-10-18
15488,30,0,16,2022-10-18
15490,81,0,69,2022-10-18
15501,3353,0,1336,2022-10-18
15540,42,0,19,2022-10-18
15551,121,0,61,2022-10-18
15557,661,0,278,2022-10-18
15601,10301,0,6040,2022-10-18
15610,446,0,376,2022-10-18
15611,62,0,46,2022-10-18
15612,55,0,48,2022-10-18
15613,2508,0,825,2022-10-18
15615,65,0,19,2022-10-18
15616,11,0,18,2022-10-18
15617,46,0,29,2022-10-18
15618,393,0,205,2022-10-18
15620,157,0,99,2022-10-18
15622,131,0,121,2022-10-18
15623,138,0,77,2022-10-18
15626,768,0,449,2022-10-18
15627,1004,0,713,2022-10-18
15628,89,0,59,2022-10-18
15631,117,0,142,2022-10-18
15632,1361,0,776,2022-10-18
15634,92,0,73,2022-10-18
15636,627,0,355,2022-10-18
15637,316,0,184,2022-10-18
15639,315,0,230,2022-10-18
15641,97,0,20,2022-10-18
15642,8446,0,4111,2022-10-18
15644,2818,0,1875,2022-10-18
15646,25,0,17,2022-10-18
15647,56,0,33,2022-10-18
15650,4211,0,2896,2022-10-18
15655,72,0,49,2022-10-18
15656,1979,0,531,2022-10-18
15658,1051,0,666,2022-10-18
15661,84,0,67,2022-10-18
15663,56,0,47,2022-10-18
15665,248,0,142,2022-10-18
15666,2230,0,1816,2022-10-18
15668,2046,0,1059,2022-10-18
15670,532,0,298,2022-10-18
15671,116,0,96,2022-10-18
15672,483,0,340,2022-10-18
15673,243,0,88,2022-10-18
15675,152,0,96,2022-10-18
15677,36,0,46,2022-10-18
15678,105,0,51,2022-10-18
15679,389,0,345,2022-10-18
15681,658,0,387,2022-10-18
15683,1155,0,1039,2022-10-18
18349,21,0,-1,2022-10-18
18351,87,0,-1,2022-10-18
18356,93,0,-1,2022-10-18
18357,9,0,0,2022-10-18
18410,18,0,-1,2022-10-18
18413,28,0,5,2022-10-18
18416,0,0,0,2022-10-18
18420,23,0,-1,2022-10-18
18440,30,0,12,2022-10-18
18448,0,0,0,2022-10-18
18449,0,0,0,2022-10-18
18454,6,0,-1,2022-10-18
18457,29,0,9,2022-10-18
18459,16,0,-1,2022-10-18
18473,49,0,10,2022-10-18
18501,89,0,-1,2022-10-18
18502,5,0,-1,2022-10-18
18515,0,0,0,2022-10-18
18540,-1,0,-1,2022-10-18
18577,0,0,0,2022-10-18
18601,13,0,-1,2022-10-18
18602,55,0,10,2022-10-18
18611,-1,0,0,2022-10-18
18625,38,0,13,2022-10-18
18626,144,0,20,2022-10-18
18627,17,0,-1,2022-10-18
18653,8,0,-1,2022-10-18
18654,0,0,0,2022-10-18
18690,-1,0,0,2022-10-18
18703,52,0,5,2022-10-18
18710,-1,0,0,2022-10-18
18711,148,0,67,2022-10-18
18762,0,0,0,2022-10-18
18764,-1,0,0,2022-10-18
18765,0,0,0,2022-10-18
18766,33,0,109,2022-10-18
18767,0,0,0,2022-10-18
18769,0,0,0,2022-10-18
18773,0,0,0,2022-10-18
18813,6,0,0,2022-10-18
18814,22,0,-1,2022-10-18
18815,0,0,0,2022-10-18
18816,17,0,0,2022-10-18
15684,91,0,48,2022-10-18
18820,-1,0,0,2022-10-18
18827,0,0,0,2022-10-18
18843,22,0,0,2022-10-18
18910,25,0,8,2022-10-18
18911,67,0,8,2022-10-18
18912,36,0,8,2022-10-18
18916,19,0,0,2022-10-18
18918,6,0,0,2022-10-18
18921,17,0,-1,2022-10-18
18922,7,0,0,2022-10-18
18928,26,0,-1,2022-10-18
18931,28,0,-1,2022-10-18
18935,46,0,-1,2022-10-18
18943,13,0,-1,2022-10-18
18946,14,0,-1,2022-10-18
18949,39,0,-1,2022-10-18
18950,60,0,-1,2022-10-18
18953,17,0,-1,2022-10-18
18956,9,0,-1,2022-10-18
18957,11,0,-1,2022-10-18
18958,13,0,0,2022-10-18
18962,82,0,12,2022-10-18
18963,31,0,-1,2022-10-18
18968,27,0,-1,2022-10-18
18970,164,0,10,2022-10-18
18971,12,0,0,2022-10-18
18979,12,0,0,2022-10-18
18980,49,0,9,2022-10-18
18981,12,0,-1,2022-10-18
18991,-1,0,0,2022-10-18
19016,20,0,-1,2022-10-18
19017,50,0,5,2022-10-18
19019,0,0,0,2022-10-18
19028,14,0,-1,2022-10-18
19037,318,0,31,2022-10-18
19039,-1,0,-1,2022-10-18
19048,-1,0,-1,2022-10-18
19049,-1,0,0,2022-10-18
19052,24,0,7,2022-10-18
19058,19,0,-1,2022-10-18
19065,10,0,-1,2022-10-18
19080,5,0,0,2022-10-18
19088,0,0,-1,2022-10-18
19089,-1,0,0,2022-10-18
19091,-1,0,0,2022-10-18
19092,-1,0,0,2022-10-18
19093,0,0,0,2022-10-18
19098,-1,0,-1,2022-10-18
19099,0,0,0,2022-10-18
19101,146,0,8,2022-10-18
19105,46,0,-1,2022-10-18
19108,15,0,-1,2022-10-18
19109,6,0,0,2022-10-18
19110,13,0,0,2022-10-18
19155,5,0,0,2022-10-18
19160,13,0,-1,2022-10-18
19161,-1,0,-1,2022-10-18
19162,-1,0,0,2022-10-18
19170,5,0,-1,2022-10-18
19171,0,0,0,2022-10-18
19172,-1,0,0,2022-10-18
19173,-1,0,0,2022-10-18
19175,0,0,0,2022-10-18
19176,7,0,-1,2022-10-18
19177,0,0,0,2022-10-18
19178,-1,0,0,2022-10-18
19179,0,0,0,2022-10-18
19181,0,0,0,2022-10-18
19182,-1,0,0,2022-10-18
19183,-1,0,0,2022-10-18
19184,-1,0,0,2022-10-18
19185,-1,0,0,2022-10-18
19187,0,0,0,2022-10-18
19188,0,0,0,2022-10-18
19190,-1,0,0,2022-10-18
19191,5,0,0,2022-10-18
19192,-1,0,0,2022-10-18
19193,-1,0,-1,2022-10-18
19194,-1,0,0,2022-10-18
19195,-1,0,0,2022-10-18
19196,0,0,0,2022-10-18
19197,-1,0,0,2022-10-18
19244,0,0,0,2022-10-18
19255,0,0,0,2022-10-18
19316,12,0,-1,2022-10-18
19318,0,0,-1,2022-10-18
19331,6,0,-1,2022-10-18
19339,0,0,0,2022-10-18
19340,-1,0,0,2022-10-18
19346,9,0,-1,2022-10-18
19347,15,0,-1,2022-10-18
19351,7,0,-1,2022-10-18
19353,-1,0,-1,2022-10-18
19354,6,0,0,2022-10-18
19357,8,0,-1,2022-10-18
19358,33,0,10,2022-10-18
19360,8,0,-1,2022-10-18
19366,0,0,-1,2022-10-18
19367,25,0,8,2022-10-18
19369,50,0,5,2022-10-18
19371,0,0,-1,2022-10-18
19375,56,0,9,2022-10-18
19376,19,0,-1,2022-10-18
19381,10,0,-1,2022-10-18
19395,9,0,-1,2022-10-18
19397,0,0,0,2022-10-18
19398,0,0,0,2022-10-18
19399,6,0,-1,2022-10-18
19404,22,0,-1,2022-10-18
19407,11,0,-1,2022-10-18
19408,8,0,-1,2022-10-18
19409,-1,0,-1,2022-10-18
19415,-1,0,0,2022-10-18
19421,15,0,5,2022-10-18
19423,7,0,0,2022-10-18
19424,-1,0,-1,2022-10-18
19429,-1,0,-1,2022-10-18
19430,18,0,-1,2022-10-18
19432,6,0,0,2022-10-18
19437,107,0,32,2022-10-18
19441,-1,0,0,2022-10-18
19442,70,0,13,2022-10-18
19443,9,0,0,2022-10-18
19450,20,0,0,2022-10-18
19451,0,0,0,2022-10-18
19455,0,0,0,2022-10-18
19457,27,0,12,2022-10-18
19470,19,0,6,2022-10-18
19472,28,0,5,2022-10-18
19474,126,0,40,2022-10-18
19478,8,0,-1,2022-10-18
19480,9,0,-1,2022-10-18
19481,23,0,6,2022-10-18
19482,5,0,-1,2022-10-18
19484,0,0,0,2022-10-18
19486,18,0,-1,2022-10-18
19490,108,0,34,2022-10-18
19493,0,0,0,2022-10-18
19494,0,0,0,2022-10-18
19495,0,0,0,2022-10-18
19496,0,0,-1,2022-10-18
19511,29,0,-1,2022-10-18
19516,16,0,0,2022-10-18
19519,-1,0,0,2022-10-18
19523,30,0,11,2022-10-18
19535,19,0,7,2022-10-18
19536,88,0,7,2022-10-18
19538,22,0,0,2022-10-18
19544,34,0,-1,2022-10-18
19545,43,0,19,2022-10-18
19548,13,0,-1,2022-10-18
19554,110,0,14,2022-10-18
19559,67,0,11,2022-10-18
19564,25,0,-1,2022-10-18
19603,74,0,11,2022-10-18
19612,62,0,12,2022-10-18
15685,24,0,17,2022-10-18
15686,132,0,60,2022-10-18
15687,157,0,135,2022-10-18
15688,96,0,82,2022-10-18
15690,1738,0,389,2022-10-18
15692,157,0,69,2022-10-18
15697,475,0,349,2022-10-18
15698,102,0,81,2022-10-18
15701,5131,0,2642,2022-10-18
15713,45,0,22,2022-10-18
15717,1830,0,592,2022-10-18
15725,182,0,84,2022-10-18
15732,284,0,120,2022-10-18
15747,352,0,122,2022-10-18
15748,1229,0,486,2022-10-18
15774,560,0,254,2022-10-18
15923,241,0,131,2022-10-18
16001,8674,0,2736,2022-10-18
16002,2867,0,1034,2022-10-18
16023,1444,0,269,2022-10-18
16027,57,0,32,2022-10-18
16033,1071,0,441,2022-10-18
16034,398,0,77,2022-10-18
16037,865,0,332,2022-10-18
16045,229,0,97,2022-10-18
16046,3496,0,1395,2022-10-18
16052,418,0,132,2022-10-18
16053,747,0,274,2022-10-18
16055,1970,0,497,2022-10-18
16056,1043,0,276,2022-10-18
16059,1599,0,708,2022-10-18
16063,1537,0,474,2022-10-18
16066,5841,0,2187,2022-10-18
16115,724,0,160,2022-10-18
16117,3526,0,859,2022-10-18
16120,404,0,131,2022-10-18
16123,386,0,108,2022-10-18
16136,194,0,37,2022-10-18
16141,298,0,104,2022-10-18
16157,554,0,222,2022-10-18
16201,4495,0,562,2022-10-18
16210,226,0,24,2022-10-18
16212,94,0,9,2022-10-18
16222,432,0,86,2022-10-18
16226,1954,0,256,2022-10-18
16228,101,0,9,2022-10-18
16229,1038,0,256,2022-10-18
16238,95,0,12,2022-10-18
16249,386,0,77,2022-10-18
16256,118,0,24,2022-10-18
16259,407,0,58,2022-10-18
16262,744,0,98,2022-10-18
16263,86,0,10,2022-10-18
17016,126,0,43,2022-10-18
17010,47,0,-1,2022-10-18
17039,8,0,-1,2022-10-18
17041,16,0,5,2022-10-18
15006,44,0,24,2022-10-18
15038,64,0,38,2022-10-18
15047,85,0,22,2022-10-18
15075,39,0,6,2022-10-18
15087,22,0,18,2022-10-18
15088,99,0,30,2022-10-18
15315,131,0,51,2022-10-18
15316,47,0,28,2022-10-18
15325,109,0,79,2022-10-18
15348,58,0,70,2022-10-18
15351,109,0,83,2022-10-18
15358,149,0,103,2022-10-18
15378,22,0,9,2022-10-18
15379,21,0,11,2022-10-18
15420,41,0,22,2022-10-18
15421,58,0,31,2022-10-18
15422,38,0,29,2022-10-18
15430,61,0,41,2022-10-18
15435,80,0,40,2022-10-18
15443,53,0,39,2022-10-18
15447,28,0,23,2022-10-18
15448,15,0,24,2022-10-18
15449,31,0,23,2022-10-18
15455,40,0,47,2022-10-18
15460,16,0,13,2022-10-18
15466,79,0,32,2022-10-18
15467,26,0,-1,2022-10-18
15472,47,0,30,2022-10-18
15476,45,0,12,2022-10-18
15489,56,0,34,2022-10-18
15502,35,0,13,2022-10-18
15510,837,0,9,2022-10-18
15520,53,0,22,2022-10-18
15532,34,0,-1,2022-10-18
15544,41,0,23,2022-10-18
15547,111,0,53,2022-10-18
15560,35,0,20,2022-10-18
15561,33,0,19,2022-10-18
15625,26,0,10,2022-10-18
15629,121,0,37,2022-10-18
15633,41,0,35,2022-10-18
15635,28,0,18,2022-10-18
15638,32,0,35,2022-10-18
15640,43,0,32,2022-10-18
15660,52,0,31,2022-10-18
15662,26,0,22,2022-10-18
15676,72,0,57,2022-10-18
15689,15,0,9,2022-10-18
15691,40,0,14,2022-10-18
15695,36,0,24,2022-10-18
15696,44,0,34,2022-10-18
15712,11,0,16,2022-10-18
15715,103,0,53,2022-10-18
15734,45,0,26,2022-10-18
15736,104,0,24,2022-10-18
15738,48,0,11,2022-10-18
15020,61,0,21,2022-10-18
15028,32,0,6,2022-10-18
15069,-1,0,0,2022-10-18
15072,20,0,11,2022-10-18
15081,72,0,18,2022-10-18
15091,-1,0,-1,2022-10-18
15095,5,0,0,2022-10-18
15096,-1,0,0,2022-10-18
15123,-1,0,-1,2022-10-18
15127,22,0,-1,2022-10-18
15134,19,0,-1,2022-10-18
15230,24,0,6,2022-10-18
15240,38,0,-1,2022-10-18
15242,9,0,-1,2022-10-18
15244,7,0,-1,2022-10-18
15250,-1,0,0,2022-10-18
15251,-1,0,0,2022-10-18
15252,0,0,0,2022-10-18
15253,-1,0,0,2022-10-18
15254,-1,0,0,2022-10-18
15255,0,0,0,2022-10-18
15257,-1,0,0,2022-10-18
15258,0,0,0,2022-10-18
15259,0,0,0,2022-10-18
15262,-1,0,0,2022-10-18
15264,0,0,-1,2022-10-18
15265,-1,0,0,2022-10-18
15267,0,0,0,2022-10-18
15268,0,0,0,2022-10-18
15270,-1,0,0,2022-10-18
15272,0,0,0,2022-10-18
15274,0,0,0,2022-10-18
15276,0,0,0,2022-10-18
15277,-1,0,0,2022-10-18
15278,0,0,0,2022-10-18
15279,0,0,0,2022-10-18
15281,-1,0,0,2022-10-18
15282,569,0,111,2022-10-18
15283,0,0,0,2022-10-18
15286,0,0,0,2022-10-18
15289,516,0,11,2022-10-18
15290,-1,0,0,2022-10-18
15295,0,0,0,2022-10-18
15336,13,0,-1,2022-10-18
15339,0,0,0,2022-10-18
15350,134,0,52,2022-10-18
15365,22,0,12,2022-10-18
15366,29,0,18,2022-10-18
15368,79,0,69,2022-10-18
15415,17,0,5,2022-10-18
15416,33,0,15,2022-10-18
15439,12,0,-1,2022-10-18
15454,49,0,14,2022-10-18
15465,49,0,33,2022-10-18
15485,0,0,0,2022-10-18
15492,14,0,-1,2022-10-18
15548,8,0,-1,2022-10-18
15549,14,0,-1,2022-10-18
15553,15,0,12,2022-10-18
15565,10,0,0,2022-10-18
15605,0,0,0,2022-10-18
15606,0,0,0,2022-10-18
15619,50,0,40,2022-10-18
15621,-1,0,-1,2022-10-18
15624,72,0,50,2022-10-18
15664,7,0,7,2022-10-18
15674,23,0,25,2022-10-18
15680,30,0,25,2022-10-18
15682,-1,0,0,2022-10-18
15693,33,0,23,2022-10-18
15710,46,0,19,2022-10-18
15723,10,0,-1,2022-10-18
15727,31,0,17,2022-10-18
15731,68,0,25,2022-10-18
15733,20,0,8,2022-10-18
15737,108,0,40,2022-10-18
15741,16,0,6,2022-10-18
15745,78,0,30,2022-10-18
15746,122,0,42,2022-10-18
15752,10,0,-1,2022-10-18
15754,106,0,42,2022-10-18
15756,23,0,19,2022-10-18
15761,10,0,-1,2022-10-18
15779,253,0,213,2022-10-18
15781,17,0,-1,2022-10-18
15783,29,0,8,2022-10-18
15822,0,0,0,2022-10-18
15831,29,0,26,2022-10-18
15841,32,0,19,2022-10-18
15847,30,0,10,2022-10-18
15863,35,0,20,2022-10-18
15907,12,0,-1,2022-10-18
15915,0,0,0,2022-10-18
15921,194,0,105,2022-10-18
15922,38,0,35,2022-10-18
15925,41,0,14,2022-10-18
15929,27,0,15,2022-10-18
15930,49,0,34,2022-10-18
15937,192,0,85,2022-10-18
15948,105,0,69,2022-10-18
15959,24,0,18,2022-10-18
15962,42,0,18,2022-10-18
16003,47,0,9,2022-10-18
16016,-1,0,0,2022-10-18
16017,-1,0,0,2022-10-18
16018,-1,0,0,2022-10-18
16021,-1,0,-1,2022-10-18
16024,56,0,26,2022-10-18
16029,170,0,50,2022-10-18
16035,25,0,-1,2022-10-18
16039,102,0,9,2022-10-18
16048,29,0,7,2022-10-18
16054,50,0,15,2022-10-18
16058,-1,0,-1,2022-10-18
16103,26,0,-1,2022-10-18
16107,12,0,8,2022-10-18
16108,-1,0,0,2022-10-18
16113,81,0,19,2022-10-18
16132,48,0,36,2022-10-18
16140,11,0,14,2022-10-18
16151,16,0,6,2022-10-18
16155,0,0,0,2022-10-18
16160,129,0,66,2022-10-18
16161,122,0,44,2022-10-18
16211,21,0,-1,2022-10-18
16220,16,0,5,2022-10-18
16221,12,0,0,2022-10-18
16223,30,0,-1,2022-10-18
16230,112,0,20,2022-10-18
16236,78,0,7,2022-10-18
16244,55,0,12,2022-10-18
16245,44,0,-1,2022-10-18
16246,49,0,15,2022-10-18
16250,54,0,7,2022-10-18
16257,0,0,0,2022-10-18
16261,-1,0,0,2022-10-18
16312,-1,0,0,2022-10-18
16322,17,0,6,2022-10-18
16328,37,0,-1,2022-10-18
16343,73,0,12,2022-10-18
16344,91,0,28,2022-10-18
16352,42,0,14,2022-10-18
16361,22,0,5,2022-10-18
16366,0,0,0,2022-10-18
16367,-1,0,0,2022-10-18
16368,0,0,0,2022-10-18
16369,0,0,0,2022-10-18
16370,27,0,0,2022-10-18
16375,7,0,0,2022-10-18
16388,0,0,0,2022-10-18
16413,0,0,-1,2022-10-18
16416,22,0,8,2022-10-18
16422,81,0,22,2022-10-18
16427,49,0,5,2022-10-18
16432,-1,0,0,2022-10-18
16475,933,0,-1,2022-10-18
16512,30,0,-1,2022-10-18
16514,14,0,0,2022-10-18
16515,0,0,0,2022-10-18
16522,0,0,0,2022-10-18
16530,0,0,0,2022-10-18
16531,-1,0,0,2022-10-18
16534,-1,0,0,2022-10-18
16538,0,0,0,2022-10-18
16541,94,0,-1,2022-10-18
16544,10,0,0,2022-10-18
16546,65,0,16,2022-10-18
16550,-1,0,-1,2022-10-18
16553,0,0,0,2022-10-18
16563,90,0,5,2022-10-18
16603,23,0,9,2022-10-18
16619,58,0,18,2022-10-18
16624,41,0,24,2022-10-18
16629,8,0,-1,2022-10-18
16631,13,0,8,2022-10-18
16633,40,0,5,2022-10-18
16638,22,0,-1,2022-10-18
16644,56,0,29,2022-10-18
16654,604,0,-1,2022-10-18
16660,16,0,-1,2022-10-18
16663,33,0,-1,2022-10-18
16665,68,0,28,2022-10-18
16672,29,0,-1,2022-10-18
16675,6,0,10,2022-10-18
16677,108,0,6,2022-10-18
16681,48,0,11,2022-10-18
16684,33,0,7,2022-10-18
16694,50,0,20,2022-10-18
16698,431,0,-1,2022-10-18
16699,0,0,-1,2022-10-18
16725,38,0,11,2022-10-18
16728,-1,0,0,2022-10-18
16730,30,0,-1,2022-10-18
16733,18,0,7,2022-10-18
16804,22,0,-1,2022-10-18
16805,-1,0,0,2022-10-18
16825,62,0,18,2022-10-18
16826,286,0,17,2022-10-18
16834,59,0,10,2022-10-18
16835,69,0,8,2022-10-18
16843,191,0,38,2022-10-18
16847,113,0,20,2022-10-18
16848,101,0,6,2022-10-18
16849,103,0,23,2022-10-18
16851,205,0,34,2022-10-18
16853,340,0,20,2022-10-18
16855,67,0,16,2022-10-18
16856,56,0,12,2022-10-18
16868,126,0,13,2022-10-18
16873,13,0,7,2022-10-18
16910,15,0,-1,2022-10-18
16911,20,0,-1,2022-10-18
16945,0,0,0,2022-10-18
17001,205,0,15,2022-10-18
